469
ltmve stmve cmvw ltbve ndtta itcta dta rds ses ceta intta igpta lns gta qr oita sigoi idum
 1.0
 0.66  1.0
 0.29  0.19  1.0
 0.73  0.47  0.15  1.0
 0.43  0.75  0.10  0.66  1.0
 0.15  0.10  0.89  0.14  0.11  1.0 
-0.25 -0.32 -0.15 -0.11 -0.17  0.14  1.0
-0.06 -0.14 -0.06  0.09 -0.02 -0.07  0.46  1.0
-0.08 -0.12 -0.10  0.02 -0.02 -0.09  0.66  0.52  1.0
-0.27 -0.24 -0.07 -0.19 -0.12 -0.03  0.30 -0.04  0.11  1.0
-0.25 -0.14 -0.20 -0.13  0.14  0.04 -0.06 -0.24 -0.10  0.50  1.0
-0.14 -0.20 -0.13  0.14  0.04 -0.06  0.51  0.47  0.58  0.09 -0.13  1.0
 0.03  0.02  0.13  0.00 -0.01  0.12 -0.13 -0.11 -0.17 -0.03  0.23 -0.09  1.0
 0.09  0.06  0.03  0.01  0.11  0.08  0.37  0.39  0.51 -0.22 -0.43  0.31 -0.39  1.0
 0.04 -0.14  0.05 -0.07 -0.24  0.01  0.18 -0.01  0.17 -0.01 -0.25  0.14 -0.09  0.31  1.0
-0.20 -0.22 -0.17  0.04 -0.01 -0.10  0.24  0.26  0.27  0.18  0.07  0.45 -0.03 -0.01 -0.18  1.0
 0.11  0.19  0.06  0.10  0.14  0.02 -0.13  0.03 -0.01 -0.23 -0.01 -0.04  0.07 -0.13 -0.22  0.07  1.0
-0.38 -0.34 -0.23 -0.24 -0.19 -0.17  0.31  0.18  0.29  0.03  0.07  0.25 -0.04  0.09 -0.01  0.20 -0.06  1.0
-0.29 -0.28 -0.18 -0.02 -0.03 -0.05  0.41  0.20  0.39  0.19  0.12  0.50 -0.06 0.14 -0.02   0.29 -0.13  0.64  1.0
 0.00  0.03 -0.02 -0.04 -0.01 -0.02 -0.02 -0.02 -0.01  0.02 -0.05 -0.07 0.04 -0.04 -0.10  -0.09 -0.04 -0.02 -0.04  1.0
-0.17 -0.07  0.01 -0.13 -0.04  0.06 -0.08 -0.16 -0.11  0.32  0.16 -0.14 -0.04 -0.25 0.23  -0.03 -0.18 -0.11 -0.10 -0.08 1.0